 -0.98750000000000004           -0.66615269082714856     
 -0.96250000000000002           -0.67025974368434638     
 -0.93750000000000000           -0.67844852805214351     
 -0.91249999999999998           -0.69066855735186572     
 -0.88749999999999996           -0.70684449103930780     
 -0.86250000000000004           -0.72687659910424296     
 -0.83750000000000002           -0.75064137693909905     
 -0.81250000000000000           -0.77799230678593356     
 -0.78749999999999998           -0.80876076106713413     
 -0.76249999999999996           -0.84275704203050694     
 -0.73750000000000004           -0.87977155129900275     
 -0.71249999999999991           -0.91957608211440800     
 -0.68750000000000000           -0.96192522630789590     
 -0.66249999999999998            -1.0065578873229939     
 -0.63749999999999996            -1.0531988899626787     
 -0.61250000000000004            -1.1015606769359683     
 -0.58749999999999991            -1.1513450817442479     
 -0.56250000000000000            -1.2022451669768783     
 -0.53749999999999998            -1.2539471166824054     
 -0.51249999999999996            -1.3061321711482514     
 -0.48749999999999993            -1.3584785921603431     
 -0.46250000000000002            -1.4106636466261888     
 -0.43750000000000000            -1.4623655963317159     
 -0.41249999999999998            -1.5132656815643468     
 -0.38749999999999996            -1.5630500863726260     
 -0.36249999999999993            -1.6114118733459162     
 -0.33749999999999991            -1.6580528759856006     
 -0.31250000000000000            -1.7026855370006988     
 -0.28749999999999998            -1.7450346811941864     
 -0.26249999999999996            -1.7848392120095919     
 -0.23749999999999993            -1.8218537212780874     
 -0.21249999999999991            -1.8558500022414606     
 -0.18750000000000000            -1.8866184565226605     
 -0.16249999999999998            -1.9139693863694953     
 -0.13749999999999996            -1.9377341642043515     
 -0.11249999999999993            -1.9577662722692868     
  -8.7499999999999911E-002       -1.9739422059567286     
  -6.2500000000000000E-002       -1.9861622352564510     
  -3.7499999999999978E-002       -1.9943510196242480     
  -1.2499999999999956E-002       -1.9984580724814456     
   1.2499999999999956E-002       -1.9984580724814456     
   3.7500000000000089E-002       -1.9943510196242480     
   6.2500000000000000E-002       -1.9861622352564510     
   8.7500000000000133E-002       -1.9739422059567286     
  0.11250000000000004            -1.9577662722692866     
  0.13749999999999996            -1.9377341642043515     
  0.16250000000000009            -1.9139693863694953     
  0.18750000000000000            -1.8866184565226605     
  0.21250000000000013            -1.8558500022414601     
  0.23750000000000004            -1.8218537212780874     
  0.26250000000000018            -1.7848392120095913     
  0.28750000000000009            -1.7450346811941864     
  0.31250000000000000            -1.7026855370006988     
  0.33750000000000013            -1.6580528759856001     
  0.36250000000000004            -1.6114118733459160     
  0.38750000000000018            -1.5630500863726253     
  0.41250000000000009            -1.5132656815643464     
  0.43750000000000000            -1.4623655963317159     
  0.46250000000000013            -1.4106636466261886     
  0.48750000000000004            -1.3584785921603428     
  0.51250000000000018            -1.3061321711482510     
  0.53750000000000009            -1.2539471166824052     
  0.56250000000000000            -1.2022451669768783     
  0.58750000000000013            -1.1513450817442474     
  0.61250000000000004            -1.1015606769359683     
  0.63750000000000018            -1.0531988899626781     
  0.66250000000000009            -1.0065578873229937     
  0.68750000000000000           -0.96192522630789590     
  0.71250000000000013           -0.91957608211440789     
  0.73750000000000004           -0.87977155129900275     
  0.76250000000000018           -0.84275704203050650     
  0.78750000000000009           -0.80876076106713379     
  0.81250000000000000           -0.77799230678593356     
  0.83750000000000013           -0.75064137693909905     
  0.86250000000000004           -0.72687659910424296     
  0.88750000000000018           -0.70684449103930747     
  0.91250000000000009           -0.69066855735186561     
  0.93750000000000000           -0.67844852805214351     
  0.96250000000000013           -0.67025974368434638     
  0.98750000000000004           -0.66615269082714856     
